2.34	121.53
2.50	121.53
3.55	120.24
3.69	119.64
3.87	119.64
4.02	119.64
4.23	119.20
4.44	119.20
5.48	123.42
5.75	125.10
5.95	125.10
6.12	126.45
7.17	128.66
7.42	128.66
8.47	130.51
8.70	131.43
9.75	133.08
9.92	133.08
10.98	135.30
11.16	135.30
12.20	136.77
12.47	137.51
13.52	134.69
13.73	134.69
13.87	134.69
14.05	133.02
14.22	133.02
14.45	131.83
14.61	131.83
14.80	131.83
14.95	130.80
15.11	130.80
15.28	130.80
15.44	129.95
15.62	129.95
15.84	129.95
16.00	129.22
17.05	127.75
17.20	127.75
18.27	126.36
18.45	125.70
18.67	125.70
18.84	125.05
19.89	123.69
20.08	123.69
20.23	123.07
20.39	123.07
20.58	123.07
20.78	122.44
20.92	122.44
21.09	122.44
21.27	121.80
21.42	121.80
21.59	121.80
21.75	121.15
21.92	121.15
22.09	121.15
22.25	120.48
23.30	119.29
23.45	119.29
23.61	118.67
24.66	117.46
24.84	117.46
25.00	117.46
25.16	116.88
25.34	116.88
25.48	116.88
25.69	116.31
25.92	116.31
26.09	115.71
26.30	115.71
26.56	115.09
26.72	115.09
27.77	113.97
27.92	113.97
28.97	112.78
29.12	112.18
30.19	111.14
30.41	111.14
30.55	110.57
30.73	110.57
30.92	110.02
31.08	110.02
32.12	109.00
32.27	109.00
33.33	107.95
33.50	107.37
33.66	107.37
33.87	106.89
34.03	106.89
34.19	106.89
34.37	106.38
34.52	106.38
34.69	106.38
34.86	105.88
35.06	105.88
35.23	105.88
35.37	105.37
35.56	105.37
35.72	105.37
35.89	104.86
36.05	104.86
36.20	104.86
36.41	104.36
36.61	104.36
36.78	104.36
36.94	103.83
37.11	103.83
37.31	103.41
37.47	103.41
37.62	103.39
37.84	102.86
38.00	102.86
38.16	102.86
38.34	102.37
38.48	102.37
38.66	102.37
38.83	101.91
38.98	101.91
39.17	101.91
39.31	101.40
39.48	101.40
39.64	101.40
39.81	100.92
40.06	100.94
40.20	100.52
40.39	100.52
40.55	100.50
40.72	100.02
40.87	100.02
41.05	100.04
41.20	99.60
41.39	99.60
41.64	99.14
41.80	99.14
42.84	98.24
43.03	98.24
43.19	97.76
43.37	97.76
43.53	97.76
43.69	97.30
44.73	96.46
44.89	96.46
45.03	96.03
46.09	95.19
46.28	95.19
46.47	95.19
46.67	94.80
46.83	94.80
47.02	94.36
47.16	94.36
47.34	94.36
47.53	93.90
47.75	93.90
48.80	93.09
48.98	92.65
49.14	92.65
49.33	92.65
49.56	92.25
49.70	92.25
49.89	92.25
50.05	91.86
50.20	91.86
50.36	91.86
50.53	91.46
50.75	91.46
50.89	91.05
51.08	91.05
51.22	91.07
51.39	90.74
51.56	90.74
51.72	90.74
51.94	90.28
52.08	90.28
52.27	90.28
52.45	89.91
52.62	89.91
52.78	89.91
52.95	89.54
53.12	89.54
53.28	89.54
53.48	89.14
53.64	89.16
53.83	88.75
53.97	88.75
54.14	88.75
54.30	88.46
54.52	88.46
54.69	88.46
54.83	88.03
55.02	88.03
55.17	88.03
55.33	87.68
56.37	86.93
56.59	86.93
56.75	86.60
56.91	86.60
57.97	85.90
58.19	85.53
58.34	85.53
58.50	85.53
58.67	85.16
58.87	85.16
59.03	85.16
59.22	84.83
59.37	84.83
59.53	84.83
59.69	84.46
59.86	84.46
60.09	84.09
60.25	84.09
60.42	84.09
60.61	83.76
60.75	83.76
60.94	83.76
61.19	83.45
61.36	83.45
61.52	83.12
62.56	82.49
62.73	82.49
62.92	82.18
63.12	82.18
63.31	81.90
63.47	81.90
63.62	81.90
63.87	81.59
64.03	81.59
65.08	80.96
65.27	80.61
65.42	80.61
65.59	80.61
65.78	80.32
65.98	80.32
66.22	79.97
66.37	79.97
66.56	80.00
66.70	79.71
66.89	79.71
67.03	79.69
67.20	79.36
67.44	79.36
67.61	79.36
68.66	78.42
68.91	78.42
69.05	78.42
69.22	78.14
69.39	78.14
69.56	78.14
69.75	77.86
69.91	77.86
70.09	77.57
70.25	77.57
70.41	77.57
70.58	77.29
70.73	77.29
70.94	77.29
71.17	76.96
72.22	76.39
72.37	76.39
72.53	76.09
72.69	76.09
72.87	76.09
73.02	75.82
73.20	75.82
73.36	75.82
73.52	75.54
73.70	75.54
73.86	75.54
74.02	75.26
75.06	74.67
75.25	74.67
75.41	74.67
75.56	74.41
75.75	74.41
75.95	74.14
76.09	74.14
76.30	74.14
76.55	73.90
76.69	73.90
76.89	73.62
77.06	73.62
77.23	73.62
77.39	73.36
77.55	73.36
78.61	72.81
78.83	72.53
78.97	72.53
79.14	72.53
80.19	72.07
80.42	71.76
80.56	71.76
80.73	71.52
80.89	71.52
81.14	71.52
81.30	71.28
81.47	71.28
81.66	71.28
81.89	71.02
82.06	71.02
82.22	70.76
82.41	70.76
82.55	70.76
82.73	70.54
82.87	70.54
83.06	70.54
83.25	70.26
83.41	70.26
83.59	70.26
83.78	70.04
83.98	70.04
84.14	69.82
84.31	69.82
84.47	69.82
84.66	69.58
84.84	69.58
85.06	69.58
85.25	69.32
85.39	69.32
85.58	69.32
85.77	69.10
85.97	69.10
86.12	68.83
86.30	68.83
86.45	68.83
86.61	68.59
86.80	68.59
86.95	68.59
87.11	68.37
87.28	68.37
87.44	68.37
87.69	68.13
87.84	68.13
88.89	67.67
89.05	67.45
90.09	66.99
90.34	66.99
90.48	66.75
90.67	66.75
90.81	66.75
90.98	66.57
91.17	66.57
91.31	66.57
91.48	66.31
92.53	65.85
92.72	65.85
92.87	65.85
93.92	65.19
94.09	65.19
94.27	65.19
94.42	65.00
94.59	65.00
94.81	65.00
94.95	64.80
95.16	64.80
95.33	64.80
95.50	64.58
95.64	64.58
95.83	64.58
95.97	64.38
96.14	64.38
96.34	64.38
96.50	64.16
96.69	64.16
96.84	64.16
97.00	63.94
97.17	63.94
97.41	63.77
97.56	63.77
97.73	63.77
97.91	63.59
98.11	63.59
98.28	63.39
98.42	63.39
98.59	63.39
98.75	63.20
99.00	63.20
99.16	63.20
99.31	63.00
99.52	63.00
99.75	62.80
99.91	62.80
100.08	62.80
100.27	62.58
100.41	62.58
100.58	62.58
100.73	62.41
100.95	62.41
101.11	62.41
101.27	62.19
101.45	62.19
101.59	62.19
101.77	62.03
101.94	62.03
102.17	61.86
102.33	61.86
102.50	61.86
102.69	61.68
102.87	61.68
103.03	61.68
103.19	61.49
103.36	61.49
103.52	61.49
103.73	61.29
103.89	61.29
104.05	61.29
104.23	61.09
104.37	61.09
104.55	61.09
105.59	60.74
105.81	60.57
105.98	60.57
106.22	60.35
106.36	60.35
106.55	60.35
106.69	60.21
106.87	60.21
107.11	60.00
107.25	60.00
107.45	60.00
107.62	59.86
107.80	59.86
107.95	59.86
108.14	59.71
108.28	59.71
108.47	59.71
108.66	59.51
108.92	59.51
109.08	59.36
109.23	59.36
109.42	59.36
109.58	59.18
109.73	59.18
110.78	58.81
110.97	58.66
111.12	58.66
111.31	58.66
111.45	58.48
111.64	58.48
111.87	58.48
112.02	58.33
112.20	58.33
112.34	58.31
112.53	58.15
112.69	58.15
112.84	58.00
113.06	58.00
113.20	58.00
113.41	57.85
113.58	57.85
113.75	57.85
113.91	57.69
114.06	57.69
115.12	57.34
115.34	57.19
115.50	57.19
115.67	57.19
115.84	57.03
115.98	57.03
116.19	57.03
116.34	56.86
116.53	56.86
116.69	56.86
116.84	56.73
117.89	56.44
118.03	56.46
119.09	56.16
119.31	56.00
119.47	56.00
119.62	55.87
119.80	55.87
120.03	55.87
120.19	55.74
120.36	55.74
120.56	55.74
120.72	55.61
120.91	55.61
121.05	55.46
121.22	55.46
122.27	55.17
122.48	55.00
122.64	55.00
122.80	55.00
122.97	54.86
123.19	54.86
123.34	54.86
123.56	54.75
123.73	54.75
123.89	54.60
124.08	54.60
124.22	54.60
124.41	54.47
124.56	54.47
125.61	54.21
125.80	54.10
125.94	54.10
127.00	53.81
127.17	53.81
127.33	53.70
127.55	53.70
127.70	53.57
127.86	53.57
128.05	53.57
128.19	53.44
128.36	53.44
129.41	53.17
129.62	53.07
129.78	53.07
129.95	53.07
130.11	52.91
130.33	52.91
130.52	52.91
130.72	52.80
130.87	52.82
131.03	52.69
131.22	52.69
131.37	52.69
131.53	52.58
131.70	52.58
131.86	52.58
132.05	52.45
132.19	52.45
132.36	52.45
133.41	52.21
133.59	52.08
133.80	52.08
134.00	51.97
134.14	51.97
134.31	51.97
134.48	51.82
134.72	51.82
134.87	51.73
135.05	51.73
135.22	51.73
135.37	51.60
135.53	51.60
136.59	51.35
136.78	51.35
136.92	51.22
137.09	51.22
137.28	51.22
137.50	51.11
137.66	51.11
137.84	51.03
138.00	51.03
138.16	51.03
138.31	50.89
138.48	50.89
138.64	50.89
138.86	50.78
139.02	50.78
139.22	50.78
139.44	50.63
140.48	50.43
140.67	50.43
140.83	50.30
141.00	50.30
141.17	50.32
141.33	50.26
141.48	50.26
142.55	50.02
142.73	49.91
142.87	49.91
143.06	49.91
143.20	49.75
143.41	49.75
143.62	49.71
143.77	49.71
143.95	49.71
144.11	49.57
144.27	49.57
145.31	49.35
145.52	49.22
145.66	49.22
145.84	49.24
145.98	49.18
146.17	49.18
146.41	49.18
146.55	49.07
146.73	49.07
146.87	49.07
147.05	48.96
148.09	48.76
148.28	48.78
148.44	48.65
148.61	48.65
148.78	48.65
149.00	48.60
149.17	48.60
149.34	48.47
149.58	48.47
149.72	48.47
149.91	48.40
150.08	48.40
150.22	48.40
151.27	48.09
151.47	48.09
151.61	48.09
151.78	48.03
151.95	48.03
152.16	48.03
152.31	47.92
153.36	47.74
153.58	47.74
153.73	47.63
154.78	47.43
154.97	47.43
155.12	47.36
155.30	47.36
155.48	47.36
155.64	47.25
155.83	47.25
156.03	47.19
156.17	47.19
156.34	47.19
156.50	47.10
156.75	47.10
156.91	47.10
157.12	46.99
157.27	46.99
157.45	46.90
157.59	46.90
157.77	46.90
158.81	46.76
159.00	46.68
159.19	46.68
159.41	46.59
159.55	46.59
159.73	46.59
159.87	46.50
160.06	46.50
160.25	46.52
160.48	46.43
160.66	46.43
160.87	46.34
161.92	46.15
162.11	46.15
162.27	46.08
162.42	46.08
162.62	46.08
162.80	46.01
162.97	46.01
163.12	45.99
163.28	45.90
163.45	45.90
163.67	45.84
163.81	45.84
164.00	45.84
164.16	45.75
164.31	45.75
164.50	45.75
164.64	45.66
164.81	45.66
165.00	45.66
165.16	45.59
165.30	45.59
166.36	45.42
166.55	45.42
166.69	45.33
166.87	45.33
167.05	45.33
167.19	45.24
167.39	45.24
167.62	45.19
168.67	45.04
168.86	45.06
169.02	44.97
169.19	44.97
169.37	44.95
169.55	44.86
169.75	44.86
169.91	44.88
170.06	44.80
171.12	44.64
171.31	44.64
171.45	44.55
171.64	44.55
171.83	44.55
171.98	44.49
172.16	44.49
172.36	44.49
172.53	44.42
172.69	44.42
172.84	44.31
173.89	44.22
174.08	44.22
174.23	44.22
174.42	44.15
174.61	44.15
174.77	44.13
174.94	44.07
175.09	44.07
175.28	43.96
175.42	43.96
175.61	43.98
175.75	43.89
175.92	43.89
176.12	43.87
176.36	43.82
176.52	43.84
176.69	43.80
176.86	43.80
177.02	43.80
177.17	43.69
178.23	43.58
178.45	43.58
178.61	43.51
178.78	43.51
178.94	43.51
179.98	43.40
180.14	43.31
180.33	43.31
180.56	43.25
180.72	43.25
181.77	43.14
181.92	43.07
182.08	43.07
182.23	43.05
182.42	42.96
182.59	42.96
182.73	42.98
182.91	42.92
183.06	42.92
183.27	42.92
183.50	42.87
184.55	42.74
184.70	42.74
185.75	42.61
185.91	42.52
186.97	42.41
187.19	42.32
187.33	42.32
187.52	42.32
187.67	42.30
187.83	42.30
188.03	42.30
188.27	42.25
189.31	42.10
189.47	42.10
190.52	41.99
190.67	41.90
190.86	41.90
191.06	41.83
191.20	41.83
191.37	41.83
191.55	41.81
191.70	41.81
191.86	41.81
192.03	41.72
192.25	41.72
192.39	41.72
192.56	41.65
192.73	41.65
192.89	41.65
193.06	41.63
193.22	41.63
193.44	41.54
193.59	41.54
193.77	41.54
193.94	41.46
194.08	41.46
194.27	41.46
194.41	41.43
194.58	41.43
195.62	41.28
195.80	41.23
196.86	41.15
197.05	41.15
197.19	41.15
197.36	41.10
197.56	41.10
197.72	41.06
197.91	41.06
198.05	41.06
199.11	40.95
199.28	40.88
199.45	40.88
199.61	40.84
199.77	40.84
199.98	40.84
200.17	40.77
200.39	40.77
200.53	40.70
200.73	40.70
200.89	40.70
201.08	40.66
201.22	40.66
201.41	40.66
201.56	40.61
201.73	40.61
201.94	40.61
202.19	40.57
202.36	40.59
202.53	40.53
202.77	40.53
202.91	40.53
203.11	40.46
203.34	40.46
204.39	40.35
204.55	40.28
204.70	40.28
204.86	40.28
205.05	40.26
205.19	40.26
205.36	40.26
205.53	40.17
205.77	40.17
205.92	40.15
206.11	40.15
206.30	40.15
206.56	40.08
206.72	40.08
206.87	40.02
207.06	40.02
207.23	40.02
207.37	39.97
208.42	39.88
208.62	39.88
208.81	39.84
209.02	39.84
209.17	39.84
209.33	39.77
210.37	39.68
210.61	39.68
210.77	39.64
211.00	39.64
211.16	39.64
211.31	39.60
211.48	39.60
211.72	39.53
211.87	39.53
212.06	39.55
212.25	39.51
212.47	39.51
212.66	39.51
212.84	39.44
213.11	39.44
213.27	39.42
214.31	39.31
214.50	39.31
214.66	39.26
215.70	39.17
215.86	39.17
216.05	39.17
216.28	39.13
216.44	39.13
217.48	39.02
217.62	38.95
217.80	38.95
217.97	38.95
218.14	38.95
218.31	38.95
218.45	38.88
219.52	38.80
219.73	38.80
219.87	38.75
220.05	38.75
220.22	38.75
220.45	38.71
220.61	38.71
220.78	38.71
220.98	38.66
221.20	38.66
222.25	38.55
222.44	38.51
222.59	38.51
222.78	38.48
222.97	38.48
223.19	38.48
224.23	38.37
224.42	38.37
224.58	38.37
225.62	38.22
225.78	38.22
225.97	38.22
226.19	38.20
226.33	38.20
226.53	38.20
226.70	38.15
226.87	38.15
227.03	38.15
227.20	38.11
227.36	38.11
227.52	38.06
227.70	38.06
227.86	38.06
228.02	38.02
229.06	37.93
229.27	37.93
229.41	37.93
229.58	37.88
229.75	37.88
229.91	37.86
230.11	37.86
230.33	37.86
231.39	37.73
231.58	37.73
231.72	37.73
231.89	37.73
232.09	37.73
232.25	37.73
232.44	37.64
232.62	37.64
232.83	37.62
232.98	37.62
233.14	37.62
234.20	37.53
234.42	37.51
234.58	37.51
234.81	37.46
234.97	37.46
235.12	37.48
235.30	37.44
235.53	37.44
235.69	37.40
235.91	37.40
236.06	37.40
236.22	37.33
236.41	37.33
236.61	37.33
236.75	37.31
237.80	37.24
237.98	37.24
238.19	37.17
238.39	37.17
238.53	37.17
238.72	37.13
238.86	37.13
239.05	37.13
239.28	37.11
239.44	37.11
239.61	37.06
239.77	37.06
239.92	37.06
240.98	37.00
241.17	36.95
241.31	36.95
241.48	36.93
241.66	36.93
241.86	36.93
242.03	36.88
242.17	36.88
242.36	36.91
242.50	36.86
242.67	36.86
242.84	36.86
243.05	36.82
243.23	36.82
243.47	36.82
243.62	36.82
243.80	36.82
244.00	36.77
244.23	36.77
244.39	36.77
244.58	36.68
244.73	36.71
244.89	36.71
245.05	36.71
245.23	36.71
245.45	36.66
245.61	36.66
245.78	36.66
246.83	36.57
247.00	36.57
247.19	36.57
247.41	36.55
247.58	36.55
247.73	36.55
247.91	36.51
248.08	36.51
248.31	36.48
248.50	36.48
248.70	36.48
248.86	36.40
249.02	36.40
249.39	36.40
250.44	36.31
250.62	36.31
250.78	36.31
250.95	36.26
251.12	36.26
251.27	36.26
251.45	36.24
251.61	36.24
251.80	36.24
251.97	36.22
252.12	36.22
252.33	36.22
252.50	36.17
252.67	36.17
252.83	36.17
252.98	36.13
253.16	36.13
253.33	36.11
253.53	36.11
253.70	36.11
253.86	36.06
254.02	36.06
254.19	36.06
254.36	36.04
254.52	36.04
254.70	36.04
254.84	36.00
255.02	36.00
255.17	36.00
255.36	36.00
255.56	36.00
255.72	35.95
255.89	35.95
256.03	35.95
256.20	35.91
257.25	35.84
257.44	35.86
257.59	35.84
257.75	35.84
257.92	35.84
258.14	35.80
258.30	35.80
258.45	35.80
258.62	35.77
258.78	35.77
258.94	35.77
260.00	35.71
260.22	35.71
260.39	35.71
260.53	35.66
260.70	35.66
261.11	35.60
261.27	35.60
261.47	35.60
261.69	35.55
262.73	35.51
262.87	35.51
263.05	35.46
263.22	35.46
263.39	35.46
263.55	35.46
263.70	35.46
263.97	35.46
264.14	35.42
264.30	35.42
264.47	35.42
264.69	35.40
264.83	35.40
265.02	35.37
265.17	35.37
265.33	35.40
265.50	35.37
265.66	35.37
265.87	35.37
266.02	35.33
266.23	35.33
266.39	35.33
266.56	35.28
266.72	35.28
266.91	35.31
267.05	35.31
267.22	35.31
267.42	35.24
267.58	35.24
267.77	35.24
267.91	35.22
268.09	35.22
268.28	35.22
268.45	35.22
268.61	35.22
268.77	35.15
268.95	35.15
269.09	35.15
269.34	35.13
269.67	35.13
269.83	35.13
270.00	35.08
270.17	35.08
270.33	35.08
270.48	35.06
